123
321
456
789
000
111
222
333
444
555
666
777
888
999
12
21
34
43
56
65
78
87
90
09
01
10
11
22
33
99
1234
4321
2468
1357
9876
5678
8765
1111
2222
3333
4444
5555
6666
7777
8888
9999
0000
1212
2121
3434
4343
5656
6565
7878
8787
9090
0909
1010
2020
3030
4040
5050
2024
2023
2022
2021
2020
2019
2018
2017
2016
2015
2014
2013
2012
2011
2010
2009
2008
2007
2006
2005
2000
1999
1998
1997
1996
1995
1994
1993
1992
1991
1990
1989
1988
1987
1986
1985
1984
1983
1982
1981
1980
1979
1978
1977
1976
1975
1970
1969
24
23
22
21
20
19
18
17
16
15
14
13
12
11
10
09
08
07
06
05
00
99
98
97
96
95
94
93
92
91
90
89
88
87
86
85
84
83
82
81
80
79
78
77
76
75
70
69
qwe
asd
zxc
qaz
wsx
edc
rfv
tgb
yhn
ujm
ik
ol
p
mnb
vcx
dfg
hjk
rty
uio
sdf
ghj
klz
xcv
bnm
poi
lkj
qwer
asdf
zxcv
tyui
ghjk
bnmq
wert
sdfg
xcvb
yuio
hjkl
vbnm
erty
dfgh
cvbn
rtyu
fghj
vbnm
tyuio
ghjkl
cvbnm
qwerty
asdfgh
zxcvbn
qwertyui
asdfghjk
zxcvbnm